51.08666674
50.71333326
50.56666654
50.17999992
50.07333298
50.13666598
50.03666662
50.27000046
50.71666679
50.88333308
51.01666629
51.163333
51.32666677
51.45000038
51.50999985
51.75666631
51.96666718
52.15999985
52.21333389
52.36333402
52.4200002
52.46333377
52.29333318
52.18666674
52.10666593
52.04666595
51.97000046
52.29666659
52.41333351
52.53666636
52.51999982
52.48333359
52.4700002
52.31666629
52.3566672
52.30333265
52.20333328
52.16666641
52.15999921
52.1166659
52.30999947
52.32666639
52.22999942
52.15666644
52.28666611
52.22000046
52.21999995
52.26000036
52.27666626
52.3566672
52.4433342
52.54333267
52.5766655
52.636667
52.76000061
52.71000061
52.88000043
52.93333435
53.08666573
53.17666664
53.17666588
53.11333262
53.11999893
53.29666621
53.40000153
53.33333333
53.5
53.5299998
53.80999997
54.13000018
53.95333328
53.81666705
53.75666707
53.86333402
54.11333338
53.99000015
54.00666656
53.81666667
53.74333356
53.79666634
53.88666776
53.71666641
53.93666649
53.92000008
53.77666677
53.48000031
53.37333425
53.37333336
53.50999985
53.35000038
53.44000092
53.49000015
53.63000005
53.73333308
53.62999916
53.69666735
53.79000041
53.97000046
53.93666763
53.87666766
53.95000038
53.9433342
53.9133344
53.97666702
53.8566672
53.93000069
53.93666763
54.15000013
53.93666751
53.97000046
54.15666682
53.93666725
53.76666679
53.97333361
54.32666664
53.9266669
53.84666634
54.07333349
53.93000107
53.85333379
53.90333379
54.04999924
54.06999919
54.32666766
54.51999969
54.5566658
54.65666644
54.72333374
54.89666659
55.08333333
55.02666626
55.0433328
55.14333216
55.28000069
55.27000033
55.38666776
55.45000076
55.30666644
55.28999939
55.29999924
55.39333471
55.31666629
55.37000084
55.46666718
55.5
55.55333252
55.57999878
55.68000031
55.62666601
55.56333237
55.50999985
55.5
55.54666595
55.59999847
55.59999847
55.54999924
55.52999954
55.52333298
55.56999893
55.44666748
55.49000015
55.5
55.62333234
55.65999985
55.46666743
55.37666766
55.24000079
55.24666684
55.01666654
54.90333481
54.78999952
54.65333303
54.59999847
54.49333344
54.38000107
54.20999985
54.29000041
54.03333282
53.97666702
53.95000038
53.85000013
53.86333364
53.76666679
53.69666646
53.58333282
53.71666629
53.5833327
53.4166673
53.38000069
53.33666674
53.13666598
53.10333316
53.25999997
53.04999924
53.15333303
53.02000046
52.92999992
52.77333361
52.60999997
52.42666728
52.25333341
51.89000003
51.56000036
51.45666733
51.2899999
51.30333303
51.30000038
51.55
51.79999949
52.03000005
52.05
52.47333336
52.39666748
52.46666718
52.52333298
52.51333313
52.63999939
52.68999964
53.22333336
53.0966657
53.03333295
52.87000084
52.73666687
52.48333346
52.57999992
52.52333323
52.33000043
52.35999997
52.11666654
52.07999878
51.99333356
51.63333346
51.15666707
50.41999969
49.98666649
49.68000005
49.06666654
48.8700002
48.92999954
48.64666684
48.26666616
48.09666659
48.04666684
47.75333316
47.25333303
47.25999985
47.13333333
46.8100001
46.65000038
46.22333361
46.11333262
46.13333346
45.71666616
45.85333316
45.46666667
45.08333384
45.24666697
45.55666669
45.29333331
45.32666728
45.36999931
45.30000051
45.16666667
45.29999975
45.38666712
45.11666578
45.1799998
45.29666608
45.65999896
45.81333377
46.19999949
47.11666705
47.24333344
47.36666692
47.30333265
47.36333351
47.6233326
47.86333377
48.00666656
48.29333305
48.55999997
48.54666634
48.77000058
48.88000107
48.85666707
49.11666667
49.11999893
48.9433342
48.92000122
48.90666809
49.06999969
49.00333328
49.3
49.31000023
49.24666684
49.28000018
49.14333267
49.16999931
49.02999954
49.03333282
48.99000015
49.01666641
49.06000036
48.95666733
48.98000031
48.91666794
48.87666766
48.87000084
48.84666697
48.89000104
48.91666781
48.89999924
49.09333255
49.25333316
48.90666809
48.93333435
48.80666733
48.70000076
48.71333364
48.65333303
48.5766655
48.57666562
48.53666611
48.54333318
48.44000041
48.34333344
48.39000053
48.42666779
48.39666735
48.29999924
48.4433342
48.38000018
48.30333265
48.27333285
48.21666641
48.09999936
48.10666529
48.32999954
48.09333255
48.02333298
48.01333313
48.05333252
47.97666702
47.93000107
47.9066672
47.87333387
47.70333303
47.56666565
47.59999962
47.47333374
47.42666664
47.42000046
47.34333356
47.30333392
47.24000015
47.22333361
47.06666603
47.15999959
46.90666656
46.9766669
46.80333405
46.72000008
46.77666702
46.48333359
46.5
46.55999997
46.34333369
46.30333341
46.32000008
46.22333298
46.17333298
46.19333382
46.30333366
46.26666679
46.09666545
46.1566658
46.02999954
45.92666728
45.88666712
45.88333448
45.98333308
45.77333374
45.73666687
45.65999985
45.6233326
45.71333364
45.82000033
45.71666718
45.83666725
45.74666672
45.72333374
45.70666733
45.75
45.72000046
45.71666705
45.78000056
45.88999977
46.16333338
46.03000043
45.85999985
46.03666623
45.85000064
45.72333374
45.82999992
45.75333328
45.95000076
46.17999929
46.01333313
45.93666763
46.01666641
45.82666651
45.90666796
45.836667
45.87666766
45.95333354
45.96333389
46.14666621
46.39333318
46.64333331
46.28666712
46.18999926
46.08666534
46.11666552
45.90333341
45.95000076
45.91000137
46.0766669
45.90000153
45.93333435
46.03999939
46.00000013
45.97999967
45.9433342
45.99666672
45.97000046
46.08333206
46.15999985
46.25666631
45.93666763
46.03333282
45.93333397
45.96333389
45.92666779
45.89333471
45.80000038
45.92000122
45.93333422
45.8833341
45.90000102
46.10666606
46.11666667
45.95333405
46.01666641
46.1799998
46.09999987
46.10333188
46.04333267
46.04333331
46.06666565
45.95333405
46.12666575
46.23333359
46.24333331
46.15666618
46.1933328
46.08666534
46.07999878
46.23666662
46.38333371
46.32333374
46.35000013
46.37000084
46.29333305
46.18999939
46.74666621
46.59666545
46.5
46.49333356
46.51333313
46.49000015
46.54333331
46.55666618
46.66333338
46.72999967
46.7
46.62333374
46.72333374
46.563333
46.51666641
46.61999893
46.73666649
46.74999987
46.79999924
46.74000015
46.86000036
47.10333265
46.91000137
46.79333344
46.70333405
46.71000036
46.70999972
46.82666728
46.78000031
46.88666712
46.93333384
46.83333333
46.87333349
46.91000112
46.80333341
46.83666687
46.89333458
46.89333471
47.08000005
46.89333356
46.81333288
46.88333448
46.73666712
46.88333346
46.97000033
46.85000076
46.8566672
46.81999995
46.85000038
46.92000097
46.96000061
46.82333399
46.83000018
47.00333316
46.96666679
46.9066672
46.78666623
46.86666692
47.01333313
47.04999924
47.08000069
47.24333267
47.37333399
47.24666684
47.12999916
47.09999847
47.23333359
47.22000046
47.25333328
47.1899999
47.2833341
47.50999985
47.60666529
47.60999959
47.80333354
47.94666684
48.08999888
48.09333242
48.24333369
48.25000064
48.54333344
48.7266669
48.70333405
48.74666697
48.86666705
49.04333267
49.09333191
49.21333377
49.43000056
49.40000038
49.55333265
49.85999959
50.13666611
50.17333336
50.24333344
50.51666679
50.57666562
50.7899999
51.11666578
51.27666715
51.48333308
51.49333344
51.5
51.5799998
51.77999954
51.79666595
51.89666659
51.99999962
52.31666718
52.5533329
52.90999997
52.49000015
52.51999969
52.68333295
52.74666659
52.81666667
52.87333387
52.95000076
52.98333359
52.97000046
53.0100001
53.20000038
53.13000031
53.08000043
53.33666662
53.21333389
53.19000041
53.24000015
53.19666735
53.31333351
53.33333346
53.27666626
53.20333405
53.25000025
53.32666651
53.36000086
53.43666763
53.5
53.40666733
53.46333389
53.40000127
53.38666789
53.34000015
53.56333351
53.59999936
53.53999952
53.6733326
53.71666641
53.92666664
53.81000074
53.91000137
53.92000097
54.02333298
54.07666626
54.0233331
54.12666601
54.09666608
54.23666611
54.16999969
54.18666585
54.39333369
54.34666697
54.34000015
54.47333374
54.53999939
54.50333328
54.65333303
54.69000015
54.56999906
54.62333323
54.64333305
54.68333282
55.01999969
54.78000018
54.89666723
54.82333285
54.92666779
55.05333252
54.92000058
54.91333389
55.09333229
55.01333313
55.19999987
55.21333338
55.05333277
55.05999908
55.13333257
55.13999914
55.11333211
55.27666664
55.22000046
55.23333359
55.13999939
55.26333377
55.18333282
55.34666697
55.25000013
55.19333305
55.12666575
55.06333249
55.06333237
55.08666598
55.21333275
55.26666641
55.19000053
55.30000013
55.30999985
55.39666659
55.51333313
55.60666682
55.55999972
55.54999924
55.57333221
55.68333295
55.77000071
55.63999939
55.77666588
56.22666639
55.84333318
55.83666674
55.81999969
55.90000153
55.95
55.82999992
55.91000036
55.87333425
55.77666639
55.71666718
55.94999962
56.06333275
56.10666631
56.28333384
56.43999914
56.60999997
56.50333328
56.54666595
56.59999962
56.64999962
56.74333344
56.70000076
56.62666575
56.55333303
56.65333303
56.70333277
56.80666631
56.51333313
56.56666565
56.53333282
56.60666567
56.58666534
56.5
56.38000031
56.37333425
56.35000038
56.25666656
56.35666644
56.51000048
56.5866656
56.80333379
57.8700002
57.49666735
57.16999969
57.15333303
57.09999847
57.16666629
57.28666674
57.44333331
57.58999863
57.72666664
57.93666649
57.86333377
57.96000061
57.9433342
58.12666575
58.48999939
58.38666751
58.37666728
58.59333318
58.64999962
58.59999975
58.54999949
58.52333298
58.47333374
58.36333402
58.41666768
58.50666656
59.00333354
58.88666738
58.80333341
58.64999936
58.3700002
58.22666715
58.33333333
58.28666662
58.40333481
58.54999924
58.43000056
58.5
58.36666718
58.49666672
58.44333407
58.1733326
58.0766655
58.32666677
58.29666697
58.11999919
58.03999964
57.92333361
57.94666748
58.17333336
58.51333364
58.16333275
58.03000031
57.89666773
57.85000038
57.88333397
58.08666687
58.44333407
58.39666735
58.26999969
58.24666634
58.03333321
58.19000053
59.2899999
59.16000048
58.66333275
58.64999975
58.4
58.25666656
58.4766669
58.30000038
58.11666527
58.85999959
58.8266669
58.48333346
58.29999924
58.33999964
58.48000018
58.53666611
58.44666786
58.68000018
58.5
58.50666656
58.78666636
58.8100001
59.03666674
58.73333333
58.59999847
58.59999847
58.73666585
58.75333277
58.86333313
59.42333374
59.55333354
60.72999992
59.48000069
59.35000038
59.22333374
59.41999931
59.66999919
60.88666649
60.2766669
60.05333277
61.29333305
60.36666679
61.13666674
60.44666646
60.22666639
60.54666697
62.54999987
61.53999952
60.80000013
61.77666639
64.17333399
62.69666634
64.41333249
63.78333359
64.6
64.14000028
62.39333331
64.95666707
65.36666692
64.21666654
65.58333359
65.32666702
63.81333313
63.83333295
64.77999853
64.25666644
63.85999972
64.44000066
62.36333313
63.27000008
62.93000018
65.10333405
65.78666687
65.74666672
64.90333366
62.98000018
63.16333288
63.52666677
62.8233331
62.15333316
62.03666611
61.77666702
62.14666646
62.35999985
62.34000041
62.7766669
62.70999997
62.40333341
61.78666687
62.46333313
62.60333366
62.42333323
62.97333361
62.42666639
62.46999995
62.45
62.17666677
62.80333379
63.12000008
63.01999969
62.95000013
62.8700002
62.66999957
62.73666662
63.17666664
62.8966671
62.48000056
62.56000061
62.57666651
62.3200002
62.55999972
62.73666636
62.61333389
62.39333318
62.42333323
62.94000003
62.50666644
62.47333323
62.50000025
62.64666621
62.936667
62.87333336
63.14000015
63.1533329
62.75333341
62.71666616
62.9700002
63.18333295
63.2066672
62.95999985
63.05999972
62.86333364
62.72666613
62.57333361
62.50333328
62.8033329
62.83999977
62.56999969
62.8
62.90999972
63.63333308
63.37666677
63.12999954
62.91666692
62.75666682
62.77666651
63.06333237
63.39000041
63.52333323
63.31666679
63.59999924
63.37666728
63.39666672
63.26999969
62.87999967
62.88000018
62.95666682
63.07333272
63.26999995
63.44666697
63.20333316
63.83999952
64.08333206
64.13333257
63.57333349
63.59999924
64.1433328
64.11999919
64.57333221
64.63999964
64.12333196
63.94666748
63.71999969
64.54333318
64.97000046
65.02999954
65.18333232
65.77333323
65.45000076
65.37333527
65.47333374
